2000000000S
           0            0
       16803            1
       16823            1
       15516            1
       20970            1
       11928            1
       20804            1
       11989            1
        7141            1
       20822            1
       13002            1
        5358            1
       28222            1
       19248            1
       19256            1
       17483            1
       20820            1
        9247            1
       21428            1
        5215            1
       25640            1
        6290            1
       20360            1
        4731            1
       15214            1
